5.61358 2.01864 5.26596
3.4073 1.72339 1.32187
5.28007 0.107792 4.95407
1.45285 5.09976 0.961697
4.5679 4.82261 5.78293
5.29423 0.880753 0.709709
3.63248 5.45978 2.70637
5.19326 0.310286 1.78546
0.951866 2.80321 6.21283
2.46829 0.949321 0.069622
2.71306 2.34911 5.47963
2.09274 2.95171 6.6885
2.87547 6.38814 3.7658
3.01509 2.03743 6.58454
2.72484 3.63188 1.52043
5.58966 4.61918 5.83049
0.700154 6.59562 6.28049
2.07899 4.04699 4.09244
0.104433 2.56124 1.16688
1.89221 2.92776 1.3621
1.40263 2.42841 3.22471
4.2916 3.93896 4.29166
5.39999 3.1046 5.16515
0.493965 5.44883 5.60004
0.0924888 6.08049 1.24438
0.286537 0.324361 4.14426
4.92698 5.98627 1.43329
1.71147 1.58986 4.23697
1.86706 1.89843 6.38463
1.33265 3.79561 4.90511
3.41739 3.18657 4.47741
0.14731 5.21971 0.457805
0.537067 1.61203 0.0398329
3.47685 4.20429 5.10633
1.12324 0.174478 2.48029
2.23556 0.340048 2.80732
4.53597 0.0909094 0.907102
5.52758 5.46083 2.91307
3.72193 0.867434 2.12734
0.0506379 2.52016 0.111155
6.40449 6.31 0.262053
0.428136 4.5172 6.41163
1.80123 5.06935 2.06728
2.78078 5.00692 2.22578
3.34366 0.888513 0.559586
1.83636 2.02052 1.81797
4.03761 5.4327 1.69777
3.70639 1.14952 4.94478
2.13405 4.05612 5.81178
1.92148 5.01085 0.0160004
1.00583 5.44799 6.4773
2.95858 3.30637 6.10814
3.77871 3.25032 1.6574
1.99694 5.57425 3.95983
4.24266 5.78657 0.424725
0.820797 2.7381 5.12374
5.36584 5.10606 1.84712
0.4824 0.590059 0.403767
2.04364 2.96765 2.44957
2.16257 6.45502 1.9183
1.84367 3.06436 5.59732
4.39232 2.78662 4.34837
0.241296 6.23356 2.28348
6.3345 5.27307 2.0917
6.032 5.45547 6.43662
3.58808 6.61439 0.489043
4.50674 1.48953 4.29453
0.510673 6.23602 3.42597
5.59701 2.44486 1.369
3.9114 6.57984 1.79687
4.63467 4.92789 2.65885
3.89206 6.13779 3.43739
6.1334 3.33564 1.60849
1.28528 3.78859 6.45966
1.06007 1.04212 3.39221
3.19079 3.16066 0.573006
5.52218 2.93406 6.19267
6.36154 0.481826 4.9273
6.3257 0.443433 1.04878
4.46874 6.18891 4.3505
6.0809 4.42698 0.193358
1.01015 3.3216 2.41769
0.947239 4.28773 3.99111
2.49519 4.86796 1.17592
4.25464 0.938303 6.11304
3.09127 5.87105 1.56652
2.73315 2.06053 3.34751
4.89863 1.98996 0.69019
2.93509 5.03611 6.29397
0.69599 1.75099 5.72615
0.686322 4.2983 0.788696
4.28779 0.148041 5.24735
3.25435 5.53521 0.541516
4.32981 1.1632 1.23086
4.48517 4.29975 1.78547
5.64074 0.530875 2.98234
5.83487 6.26216 1.9749
1.67617 6.54304 6.5319
1.06951 2.22712 0.966559
2.50134 5.86459 2.71443
5.88974 3.10221 0.449988
4.21118 1.13627 3.31805
6.17218 1.71513 0.669329
3.14035 1.10562 3.2403
6.37225 2.40364 4.55011
1.08637 3.20426 0.684298
0.591779 4.95073 1.76215
1.63185 0.976865 1.7995
5.07841 3.35716 1.55254
4.57051 0.0216798 6.6001
5.62835 1.35249 1.77404
5.44111 4.255 1.08094
6.45606 4.40502 1.28097
0.402393 2.1512 3.09837
2.9846 5.23771 3.67238
2.7197 6.18737 6.50916
1.39849 3.13101 4.12602
1.66994 3.66488 3.12996
2.87449 2.64271 1.81509
4.30365 2.8011 2.52709
6.18348 6.3191 3.0024
5.635 5.52991 0.738179
0.112203 0.543204 2.99802
2.32497 0.233892 5.525
2.90416 0.184579 1.15741
2.69772 3.41378 3.68888
0.439415 3.4347 1.52403
6.26186 1.41327 2.8918
4.46666 0.330373 2.75632
0.695879 2.37707 1.97369
0.603717 2.00364 4.14457
6.36345 0.505406 2.09277
2.67472 5.1338 4.67366
3.48685 4.33829 1.33029
0.824991 0.37491 1.40692
4.34673 2.11805 1.70738
0.0438121 4.11553 2.27914
1.47903 1.20087 0.467351
0.92158 6.23158 0.575804
4.28803 3.98142 0.764259
1.87773 1.47399 2.88565
6.18721 1.41241 3.97249
1.94689 0.218493 0.778154
3.21412 4.25734 4.11822
6.24424 3.61296 3.29929
0.48387 5.17907 2.81609
0.896284 5.3577 3.87848
2.61168 2.25142 0.833351
4.58203 5.3667 3.60241
3.68459 2.09576 3.97513
6.67795 3.40581 4.29506
6.62712 5.45698 3.7357
5.02992 4.49307 0.176409
3.17197 3.08296 2.77609
2.62503 4.04223 2.72967
6.02638 4.95217 4.77119
4.0139 4.49467 3.36456
4.87871 3.92358 3.05025
5.69631 4.07625 2.20148
5.05279 6.37203 3.3471
0.615685 1.27004 2.3589
6.03208 2.47407 3.29944
5.45557 6.54098 0.67379
4.69928 1.19329 2.36369
2.70111 1.46158 2.21886
2.20057 5.25565 5.63843
2.34222 0.626131 3.76289
4.64919 5.97903 2.47359
4.05098 1.66368 0.135631
0.588596 4.06777 3.09557
0.626256 1.07548 4.81099
6.50754 1.54115 5.18929
3.38005 0.229466 6.0419
2.11106 2.62876 4.60799
1.60743 6.56422 3.45841
5.55162 4.81593 3.72141
4.95228 5.14126 4.76295
6.25488 4.64309 3.00012
4.02172 2.57531 0.801908
3.72697 0.373063 3.90194
1.7245 1.92371 5.31436
5.67228 5.90031 5.25458
6.58975 6.10915 4.68076
3.87639 5.08252 4.3897
5.92267 0.24519 3.9788
2.9521 0.299492 4.65722
2.03059 6.39911 4.57964
1.45548 5.77698 2.87386
5.61679 3.11576 2.59432
2.65874 1.44918 4.74652
3.74577 4.00335 2.45236
4.69106 4.99751 0.931877
2.45871 1.19725 1.08067
5.5375 1.05823 4.72409
1.25193 4.61787 5.75277
4.90414 0.482925 4.02401
1.44656 5.97757 5.6835
0.349446 1.46969 1.18502
6.69977 3.0786 2.5697
5.28549 1.34212 3.34422
5.34454 2.04814 4.21116
5.20769 2.12498 2.47472
1.30175 0.345838 4.35559
1.18153 0.87974 6.24276
5.52611 5.97038 4.19732
5.60651 3.8727 4.1071
3.26849 6.59549 2.74432
1.42462 3.98787 1.77962
6.50464 2.53842 5.64988
5.15054 4.14192 5.04263
3.57286 1.92169 2.50308
1.89936 4.00967 0.809531
6.42405 2.13031 2.10527
4.1255 3.33569 5.2362
5.02555 1.86145 6.36316
3.70582 2.32338 4.96243
0.51732 3.55803 5.71713
1.21025 6.01173 1.70628
6.5977 4.42035 3.97822
0.530503 4.58656 4.95309
3.49502 6.06131 4.6246
2.7689 6.03511 5.44801
4.66387 1.61142 5.44581
6.251 3.82447 5.21769
6.32266 3.6412 6.20065
1.0565 6.01377 4.61316
1.58425 5.10007 4.8487
2.6539 3.58492 5.01998
0.193008 0.832053 5.90572
2.51511 1.26949 5.76209
4.89367 3.78429 6.03681
5.3751 0.852737 5.80159
4.99182 5.57638 6.43929
5.46628 6.55504 6.07918
5.13688 3.10462 3.70959
3.84725 2.73448 6.44743
1.53606 0.910885 5.34245
4.62002 2.23251 3.40371
3.59103 1.71321 5.80361
6.48468 6.27739 5.92221
6.16456 0.678251 6.63463
4.04542 3.31945 3.42492
2.79042 4.18564 0.042862
3.9287 4.8187 6.68345
3.81329 3.79748 6.5113
4.67395 2.57247 5.67257
4.80016 3.12063 0.225396
0.754272 0.121899 5.25645
4.62344 5.93115 5.52027
0.559878 3.06674 3.41599
1.94277 4.82102 3.19038
2.11879 5.92669 0.710051
0.112621 3.57796 0.348848
6.0539 1.78636 6.22718
3.52859 5.32875 5.34684
3.80875 5.93861 6.26844
12.4136 2.01864 5.26596
10.2073 1.72339 1.32187
12.0801 0.107792 4.95407
8.25285 5.09976 0.961697
11.3679 4.82261 5.78293
12.0942 0.880753 0.709709
10.4325 5.45978 2.70637
11.9933 0.310286 1.78546
7.75187 2.80321 6.21283
9.26829 0.949321 0.069622
9.51306 2.34911 5.47963
8.89274 2.95171 6.6885
9.67547 6.38814 3.7658
9.81509 2.03743 6.58454
9.52484 3.63188 1.52043
12.3897 4.61918 5.83049
7.50015 6.59562 6.28049
8.87899 4.04699 4.09244
6.90443 2.56124 1.16688
8.69221 2.92776 1.3621
8.20263 2.42841 3.22471
11.0916 3.93896 4.29166
12.2 3.1046 5.16515
7.29397 5.44883 5.60004
6.89249 6.08049 1.24438
7.08654 0.324361 4.14426
11.727 5.98627 1.43329
8.51147 1.58986 4.23697
8.66706 1.89843 6.38463
8.13265 3.79561 4.90511
10.2174 3.18657 4.47741
6.94731 5.21971 0.457805
7.33707 1.61203 0.0398329
10.2768 4.20429 5.10633
7.92324 0.174478 2.48029
9.03556 0.340048 2.80732
11.336 0.0909094 0.907102
12.3276 5.46083 2.91307
10.5219 0.867434 2.12734
6.85064 2.52016 0.111155
13.2045 6.31 0.262053
7.22814 4.5172 6.41163
8.60123 5.06935 2.06728
9.58078 5.00692 2.22578
10.1437 0.888513 0.559586
8.63636 2.02052 1.81797
10.8376 5.4327 1.69777
10.5064 1.14952 4.94478
8.93405 4.05612 5.81178
8.72148 5.01085 0.0160004
7.80583 5.44799 6.4773
9.75858 3.30637 6.10814
10.5787 3.25032 1.6574
8.79694 5.57425 3.95983
11.0427 5.78657 0.424725
7.6208 2.7381 5.12374
12.1658 5.10606 1.84712
7.2824 0.590059 0.403767
8.84364 2.96765 2.44957
8.96257 6.45502 1.9183
8.64367 3.06436 5.59732
11.1923 2.78662 4.34837
7.0413 6.23356 2.28348
13.1345 5.27307 2.0917
12.832 5.45547 6.43662
10.3881 6.61439 0.489043
11.3067 1.48953 4.29453
7.31067 6.23602 3.42597
12.397 2.44486 1.369
10.7114 6.57984 1.79687
11.4347 4.92789 2.65885
10.6921 6.13779 3.43739
12.9334 3.33564 1.60849
8.08528 3.78859 6.45966
7.86007 1.04212 3.39221
9.99079 3.16066 0.573006
12.3222 2.93406 6.19267
13.1615 0.481826 4.9273
13.1257 0.443433 1.04878
11.2687 6.18891 4.3505
12.8809 4.42698 0.193358
7.81015 3.3216 2.41769
7.74724 4.28773 3.99111
9.29519 4.86796 1.17592
11.0546 0.938303 6.11304
9.89127 5.87105 1.56652
9.53315 2.06053 3.34751
11.6986 1.98996 0.69019
9.73509 5.03611 6.29397
7.49599 1.75099 5.72615
7.48632 4.2983 0.788696
11.0878 0.148041 5.24735
10.0543 5.53521 0.541516
11.1298 1.1632 1.23086
11.2852 4.29975 1.78547
12.4407 0.530875 2.98234
12.6349 6.26216 1.9749
8.47617 6.54304 6.5319
7.86951 2.22712 0.966559
9.30134 5.86459 2.71443
12.6897 3.10221 0.449988
11.0112 1.13627 3.31805
12.9722 1.71513 0.669329
9.94035 1.10562 3.2403
13.1723 2.40364 4.55011
7.88637 3.20426 0.684298
7.39178 4.95073 1.76215
8.43185 0.976865 1.7995
11.8784 3.35716 1.55254
11.3705 0.0216798 6.6001
12.4284 1.35249 1.77404
12.2411 4.255 1.08094
13.2561 4.40502 1.28097
7.20239 2.1512 3.09837
9.7846 5.23771 3.67238
9.5197 6.18737 6.50916
8.19849 3.13101 4.12602
8.46994 3.66488 3.12996
9.67449 2.64271 1.81509
11.1037 2.8011 2.52709
12.9835 6.3191 3.0024
12.435 5.52991 0.738179
6.9122 0.543204 2.99802
9.12497 0.233892 5.525
9.70416 0.184579 1.15741
9.49772 3.41378 3.68888
7.23942 3.4347 1.52403
13.0619 1.41327 2.8918
11.2667 0.330373 2.75632
7.49588 2.37707 1.97369
7.40372 2.00364 4.14457
13.1635 0.505406 2.09277
9.47472 5.1338 4.67366
10.2868 4.33829 1.33029
7.62499 0.37491 1.40692
11.1467 2.11805 1.70738
6.84381 4.11553 2.27914
8.27903 1.20087 0.467351
7.72158 6.23158 0.575804
11.088 3.98142 0.764259
8.67773 1.47399 2.88565
12.9872 1.41241 3.97249
8.74689 0.218493 0.778154
10.0141 4.25734 4.11822
13.0442 3.61296 3.29929
7.28387 5.17907 2.81609
7.69628 5.3577 3.87848
9.41168 2.25142 0.833351
11.382 5.3667 3.60241
10.4846 2.09576 3.97513
13.4779 3.40581 4.29506
13.4271 5.45698 3.7357
11.8299 4.49307 0.176409
9.97197 3.08296 2.77609
9.42503 4.04223 2.72967
12.8264 4.95217 4.77119
10.8139 4.49467 3.36456
11.6787 3.92358 3.05025
12.4963 4.07625 2.20148
11.8528 6.37203 3.3471
7.41568 1.27004 2.3589
12.8321 2.47407 3.29944
12.2556 6.54098 0.67379
11.4993 1.19329 2.36369
9.50111 1.46158 2.21886
9.00057 5.25565 5.63843
9.14222 0.626131 3.76289
11.4492 5.97903 2.47359
10.851 1.66368 0.135631
7.3886 4.06777 3.09557
7.42626 1.07548 4.81099
13.3075 1.54115 5.18929
10.18 0.229466 6.0419
8.91106 2.62876 4.60799
8.40743 6.56422 3.45841
12.3516 4.81593 3.72141
11.7523 5.14126 4.76295
13.0549 4.64309 3.00012
10.8217 2.57531 0.801908
10.527 0.373063 3.90194
8.5245 1.92371 5.31436
12.4723 5.90031 5.25458
13.3897 6.10915 4.68076
10.6764 5.08252 4.3897
12.7227 0.24519 3.9788
9.7521 0.299492 4.65722
8.83059 6.39911 4.57964
8.25548 5.77698 2.87386
12.4168 3.11576 2.59432
9.45874 1.44918 4.74652
10.5458 4.00335 2.45236
11.4911 4.99751 0.931877
9.25871 1.19725 1.08067
12.3375 1.05823 4.72409
8.05193 4.61787 5.75277
11.7041 0.482925 4.02401
8.24656 5.97757 5.6835
7.14945 1.46969 1.18502
13.4998 3.0786 2.5697
12.0855 1.34212 3.34422
12.1445 2.04814 4.21116
12.0077 2.12498 2.47472
8.10175 0.345838 4.35559
7.98153 0.87974 6.24276
12.3261 5.97038 4.19732
12.4065 3.8727 4.1071
10.0685 6.59549 2.74432
8.22462 3.98787 1.77962
13.3046 2.53842 5.64988
11.9505 4.14192 5.04263
10.3729 1.92169 2.50308
8.69936 4.00967 0.809531
13.2241 2.13031 2.10527
10.9255 3.33569 5.2362
11.8255 1.86145 6.36316
10.5058 2.32338 4.96243
7.31732 3.55803 5.71713
8.01025 6.01173 1.70628
13.3977 4.42035 3.97822
7.3305 4.58656 4.95309
10.295 6.06131 4.6246
9.5689 6.03511 5.44801
11.4639 1.61142 5.44581
13.051 3.82447 5.21769
13.1227 3.6412 6.20065
7.8565 6.01377 4.61316
8.38425 5.10007 4.8487
9.4539 3.58492 5.01998
6.99301 0.832053 5.90572
9.31511 1.26949 5.76209
11.6937 3.78429 6.03681
12.1751 0.852737 5.80159
11.7918 5.57638 6.43929
12.2663 6.55504 6.07918
11.9369 3.10462 3.70959
10.6472 2.73448 6.44743
8.33606 0.910885 5.34245
11.42 2.23251 3.40371
10.391 1.71321 5.80361
13.2847 6.27739 5.92221
12.9646 0.678251 6.63463
10.8454 3.31945 3.42492
9.59042 4.18564 0.042862
10.7287 4.8187 6.68345
10.6133 3.79748 6.5113
11.4739 2.57247 5.67257
11.6002 3.12063 0.225396
7.55427 0.121899 5.25645
11.4234 5.93115 5.52027
7.35988 3.06674 3.41599
8.74277 4.82102 3.19038
8.91879 5.92669 0.710051
6.91262 3.57796 0.348848
12.8539 1.78636 6.22718
10.3286 5.32875 5.34684
10.6088 5.93861 6.26844
5.61358 8.81864 5.26596
3.4073 8.52339 1.32187
5.28007 6.90779 4.95407
1.45285 11.8998 0.961697
4.5679 11.6226 5.78293
5.29423 7.68075 0.709709
3.63248 12.2598 2.70637
5.19326 7.11029 1.78546
0.951866 9.60321 6.21283
2.46829 7.74932 0.069622
2.71306 9.14911 5.47963
2.09274 9.75171 6.6885
2.87547 13.1881 3.7658
3.01509 8.83743 6.58454
2.72484 10.4319 1.52043
5.58966 11.4192 5.83049
0.700154 13.3956 6.28049
2.07899 10.847 4.09244
0.104433 9.36124 1.16688
1.89221 9.72776 1.3621
1.40263 9.22841 3.22471
4.2916 10.739 4.29166
5.39999 9.9046 5.16515
0.493965 12.2488 5.60004
0.0924888 12.8805 1.24438
0.286537 7.12436 4.14426
4.92698 12.7863 1.43329
1.71147 8.38986 4.23697
1.86706 8.69843 6.38463
1.33265 10.5956 4.90511
3.41739 9.98657 4.47741
0.14731 12.0197 0.457805
0.537067 8.41203 0.0398329
3.47685 11.0043 5.10633
1.12324 6.97448 2.48029
2.23556 7.14005 2.80732
4.53597 6.89091 0.907102
5.52758 12.2608 2.91307
3.72193 7.66743 2.12734
0.0506379 9.32016 0.111155
6.40449 13.11 0.262053
0.428136 11.3172 6.41163
1.80123 11.8694 2.06728
2.78078 11.8069 2.22578
3.34366 7.68851 0.559586
1.83636 8.82052 1.81797
4.03761 12.2327 1.69777
3.70639 7.94952 4.94478
2.13405 10.8561 5.81178
1.92148 11.8108 0.0160004
1.00583 12.248 6.4773
2.95858 10.1064 6.10814
3.77871 10.0503 1.6574
1.99694 12.3742 3.95983
4.24266 12.5866 0.424725
0.820797 9.5381 5.12374
5.36584 11.9061 1.84712
0.4824 7.39006 0.403767
2.04364 9.76765 2.44957
2.16257 13.255 1.9183
1.84367 9.86436 5.59732
4.39232 9.58662 4.34837
0.241296 13.0336 2.28348
6.3345 12.0731 2.0917
6.032 12.2555 6.43662
3.58808 13.4144 0.489043
4.50674 8.28953 4.29453
0.510673 13.036 3.42597
5.59701 9.24486 1.369
3.9114 13.3798 1.79687
4.63467 11.7279 2.65885
3.89206 12.9378 3.43739
6.1334 10.1356 1.60849
1.28528 10.5886 6.45966
1.06007 7.84212 3.39221
3.19079 9.96066 0.573006
5.52218 9.73406 6.19267
6.36154 7.28183 4.9273
6.3257 7.24343 1.04878
4.46874 12.9889 4.3505
6.0809 11.227 0.193358
1.01015 10.1216 2.41769
0.947239 11.0877 3.99111
2.49519 11.668 1.17592
4.25464 7.7383 6.11304
3.09127 12.6711 1.56652
2.73315 8.86053 3.34751
4.89863 8.78996 0.69019
2.93509 11.8361 6.29397
0.69599 8.55099 5.72615
0.686322 11.0983 0.788696
4.28779 6.94804 5.24735
3.25435 12.3352 0.541516
4.32981 7.9632 1.23086
4.48517 11.0998 1.78547
5.64074 7.33087 2.98234
5.83487 13.0622 1.9749
1.67617 13.343 6.5319
1.06951 9.02712 0.966559
2.50134 12.6646 2.71443
5.88974 9.90221 0.449988
4.21118 7.93627 3.31805
6.17218 8.51513 0.669329
3.14035 7.90562 3.2403
6.37225 9.20364 4.55011
1.08637 10.0043 0.684298
0.591779 11.7507 1.76215
1.63185 7.77686 1.7995
5.07841 10.1572 1.55254
4.57051 6.82168 6.6001
5.62835 8.15249 1.77404
5.44111 11.055 1.08094
6.45606 11.205 1.28097
0.402393 8.9512 3.09837
2.9846 12.0377 3.67238
2.7197 12.9874 6.50916
1.39849 9.93101 4.12602
1.66994 10.4649 3.12996
2.87449 9.44271 1.81509
4.30365 9.6011 2.52709
6.18348 13.1191 3.0024
5.635 12.3299 0.738179
0.112203 7.3432 2.99802
2.32497 7.03389 5.525
2.90416 6.98458 1.15741
2.69772 10.2138 3.68888
0.439415 10.2347 1.52403
6.26186 8.21327 2.8918
4.46666 7.13037 2.75632
0.695879 9.17707 1.97369
0.603717 8.80364 4.14457
6.36345 7.30541 2.09277
2.67472 11.9338 4.67366
3.48685 11.1383 1.33029
0.824991 7.17491 1.40692
4.34673 8.91805 1.70738
0.0438121 10.9155 2.27914
1.47903 8.00087 0.467351
0.92158 13.0316 0.575804
4.28803 10.7814 0.764259
1.87773 8.27399 2.88565
6.18721 8.21241 3.97249
1.94689 7.01849 0.778154
3.21412 11.0573 4.11822
6.24424 10.413 3.29929
0.48387 11.9791 2.81609
0.896284 12.1577 3.87848
2.61168 9.05142 0.833351
4.58203 12.1667 3.60241
3.68459 8.89576 3.97513
6.67795 10.2058 4.29506
6.62712 12.257 3.7357
5.02992 11.2931 0.176409
3.17197 9.88296 2.77609
2.62503 10.8422 2.72967
6.02638 11.7522 4.77119
4.0139 11.2947 3.36456
4.87871 10.7236 3.05025
5.69631 10.8762 2.20148
5.05279 13.172 3.3471
0.615685 8.07004 2.3589
6.03208 9.27407 3.29944
5.45557 13.341 0.67379
4.69928 7.99329 2.36369
2.70111 8.26158 2.21886
2.20057 12.0556 5.63843
2.34222 7.42613 3.76289
4.64919 12.779 2.47359
4.05098 8.46368 0.135631
0.588596 10.8678 3.09557
0.626256 7.87548 4.81099
6.50754 8.34115 5.18929
3.38005 7.02947 6.0419
2.11106 9.42876 4.60799
1.60743 13.3642 3.45841
5.55162 11.6159 3.72141
4.95228 11.9413 4.76295
6.25488 11.4431 3.00012
4.02172 9.37531 0.801908
3.72697 7.17306 3.90194
1.7245 8.72371 5.31436
5.67228 12.7003 5.25458
6.58975 12.9092 4.68076
3.87639 11.8825 4.3897
5.92267 7.04519 3.9788
2.9521 7.09949 4.65722
2.03059 13.1991 4.57964
1.45548 12.577 2.87386
5.61679 9.91576 2.59432
2.65874 8.24918 4.74652
3.74577 10.8034 2.45236
4.69106 11.7975 0.931877
2.45871 7.99725 1.08067
5.5375 7.85823 4.72409
1.25193 11.4179 5.75277
4.90414 7.28292 4.02401
1.44656 12.7776 5.6835
0.349446 8.26969 1.18502
6.69977 9.8786 2.5697
5.28549 8.14212 3.34422
5.34454 8.84814 4.21116
5.20769 8.92498 2.47472
1.30175 7.14584 4.35559
1.18153 7.67974 6.24276
5.52611 12.7704 4.19732
5.60651 10.6727 4.1071
3.26849 13.3955 2.74432
1.42462 10.7879 1.77962
6.50464 9.33842 5.64988
5.15054 10.9419 5.04263
3.57286 8.72169 2.50308
1.89936 10.8097 0.809531
6.42405 8.93031 2.10527
4.1255 10.1357 5.2362
5.02555 8.66145 6.36316
3.70582 9.12338 4.96243
0.51732 10.358 5.71713
1.21025 12.8117 1.70628
6.5977 11.2203 3.97822
0.530503 11.3866 4.95309
3.49502 12.8613 4.6246
2.7689 12.8351 5.44801
4.66387 8.41142 5.44581
6.251 10.6245 5.21769
6.32266 10.4412 6.20065
1.0565 12.8138 4.61316
1.58425 11.9001 4.8487
2.6539 10.3849 5.01998
0.193008 7.63205 5.90572
2.51511 8.06949 5.76209
4.89367 10.5843 6.03681
5.3751 7.65274 5.80159
4.99182 12.3764 6.43929
5.46628 13.355 6.07918
5.13688 9.90462 3.70959
3.84725 9.53448 6.44743
1.53606 7.71088 5.34245
4.62002 9.03251 3.40371
3.59103 8.51321 5.80361
6.48468 13.0774 5.92221
6.16456 7.47825 6.63463
4.04542 10.1195 3.42492
2.79042 10.9856 0.042862
3.9287 11.6187 6.68345
3.81329 10.5975 6.5113
4.67395 9.37247 5.67257
4.80016 9.92063 0.225396
0.754272 6.9219 5.25645
4.62344 12.7311 5.52027
0.559878 9.86674 3.41599
1.94277 11.621 3.19038
2.11879 12.7267 0.710051
0.112621 10.378 0.348848
6.0539 8.58636 6.22718
3.52859 12.1288 5.34684
3.80875 12.7386 6.26844
12.4136 8.81864 5.26596
10.2073 8.52339 1.32187
12.0801 6.90779 4.95407
8.25285 11.8998 0.961697
11.3679 11.6226 5.78293
12.0942 7.68075 0.709709
10.4325 12.2598 2.70637
11.9933 7.11029 1.78546
7.75187 9.60321 6.21283
9.26829 7.74932 0.069622
9.51306 9.14911 5.47963
8.89274 9.75171 6.6885
9.67547 13.1881 3.7658
9.81509 8.83743 6.58454
9.52484 10.4319 1.52043
12.3897 11.4192 5.83049
7.50015 13.3956 6.28049
8.87899 10.847 4.09244
6.90443 9.36124 1.16688
8.69221 9.72776 1.3621
8.20263 9.22841 3.22471
11.0916 10.739 4.29166
12.2 9.9046 5.16515
7.29397 12.2488 5.60004
6.89249 12.8805 1.24438
7.08654 7.12436 4.14426
11.727 12.7863 1.43329
8.51147 8.38986 4.23697
8.66706 8.69843 6.38463
8.13265 10.5956 4.90511
10.2174 9.98657 4.47741
6.94731 12.0197 0.457805
7.33707 8.41203 0.0398329
10.2768 11.0043 5.10633
7.92324 6.97448 2.48029
9.03556 7.14005 2.80732
11.336 6.89091 0.907102
12.3276 12.2608 2.91307
10.5219 7.66743 2.12734
6.85064 9.32016 0.111155
13.2045 13.11 0.262053
7.22814 11.3172 6.41163
8.60123 11.8694 2.06728
9.58078 11.8069 2.22578
10.1437 7.68851 0.559586
8.63636 8.82052 1.81797
10.8376 12.2327 1.69777
10.5064 7.94952 4.94478
8.93405 10.8561 5.81178
8.72148 11.8108 0.0160004
7.80583 12.248 6.4773
9.75858 10.1064 6.10814
10.5787 10.0503 1.6574
8.79694 12.3742 3.95983
11.0427 12.5866 0.424725
7.6208 9.5381 5.12374
12.1658 11.9061 1.84712
7.2824 7.39006 0.403767
8.84364 9.76765 2.44957
8.96257 13.255 1.9183
8.64367 9.86436 5.59732
11.1923 9.58662 4.34837
7.0413 13.0336 2.28348
13.1345 12.0731 2.0917
12.832 12.2555 6.43662
10.3881 13.4144 0.489043
11.3067 8.28953 4.29453
7.31067 13.036 3.42597
12.397 9.24486 1.369
10.7114 13.3798 1.79687
11.4347 11.7279 2.65885
10.6921 12.9378 3.43739
12.9334 10.1356 1.60849
8.08528 10.5886 6.45966
7.86007 7.84212 3.39221
9.99079 9.96066 0.573006
12.3222 9.73406 6.19267
13.1615 7.28183 4.9273
13.1257 7.24343 1.04878
11.2687 12.9889 4.3505
12.8809 11.227 0.193358
7.81015 10.1216 2.41769
7.74724 11.0877 3.99111
9.29519 11.668 1.17592
11.0546 7.7383 6.11304
9.89127 12.6711 1.56652
9.53315 8.86053 3.34751
11.6986 8.78996 0.69019
9.73509 11.8361 6.29397
7.49599 8.55099 5.72615
7.48632 11.0983 0.788696
11.0878 6.94804 5.24735
10.0543 12.3352 0.541516
11.1298 7.9632 1.23086
11.2852 11.0998 1.78547
12.4407 7.33087 2.98234
12.6349 13.0622 1.9749
8.47617 13.343 6.5319
7.86951 9.02712 0.966559
9.30134 12.6646 2.71443
12.6897 9.90221 0.449988
11.0112 7.93627 3.31805
12.9722 8.51513 0.669329
9.94035 7.90562 3.2403
13.1723 9.20364 4.55011
7.88637 10.0043 0.684298
7.39178 11.7507 1.76215
8.43185 7.77686 1.7995
11.8784 10.1572 1.55254
11.3705 6.82168 6.6001
12.4284 8.15249 1.77404
12.2411 11.055 1.08094
13.2561 11.205 1.28097
7.20239 8.9512 3.09837
9.7846 12.0377 3.67238
9.5197 12.9874 6.50916
8.19849 9.93101 4.12602
8.46994 10.4649 3.12996
9.67449 9.44271 1.81509
11.1037 9.6011 2.52709
12.9835 13.1191 3.0024
12.435 12.3299 0.738179
6.9122 7.3432 2.99802
9.12497 7.03389 5.525
9.70416 6.98458 1.15741
9.49772 10.2138 3.68888
7.23942 10.2347 1.52403
13.0619 8.21327 2.8918
11.2667 7.13037 2.75632
7.49588 9.17707 1.97369
7.40372 8.80364 4.14457
13.1635 7.30541 2.09277
9.47472 11.9338 4.67366
10.2868 11.1383 1.33029
7.62499 7.17491 1.40692
11.1467 8.91805 1.70738
6.84381 10.9155 2.27914
8.27903 8.00087 0.467351
7.72158 13.0316 0.575804
11.088 10.7814 0.764259
8.67773 8.27399 2.88565
12.9872 8.21241 3.97249
8.74689 7.01849 0.778154
10.0141 11.0573 4.11822
13.0442 10.413 3.29929
7.28387 11.9791 2.81609
7.69628 12.1577 3.87848
9.41168 9.05142 0.833351
11.382 12.1667 3.60241
10.4846 8.89576 3.97513
13.4779 10.2058 4.29506
13.4271 12.257 3.7357
11.8299 11.2931 0.176409
9.97197 9.88296 2.77609
9.42503 10.8422 2.72967
12.8264 11.7522 4.77119
10.8139 11.2947 3.36456
11.6787 10.7236 3.05025
12.4963 10.8762 2.20148
11.8528 13.172 3.3471
7.41568 8.07004 2.3589
12.8321 9.27407 3.29944
12.2556 13.341 0.67379
11.4993 7.99329 2.36369
9.50111 8.26158 2.21886
9.00057 12.0556 5.63843
9.14222 7.42613 3.76289
11.4492 12.779 2.47359
10.851 8.46368 0.135631
7.3886 10.8678 3.09557
7.42626 7.87548 4.81099
13.3075 8.34115 5.18929
10.18 7.02947 6.0419
8.91106 9.42876 4.60799
8.40743 13.3642 3.45841
12.3516 11.6159 3.72141
11.7523 11.9413 4.76295
13.0549 11.4431 3.00012
10.8217 9.37531 0.801908
10.527 7.17306 3.90194
8.5245 8.72371 5.31436
12.4723 12.7003 5.25458
13.3897 12.9092 4.68076
10.6764 11.8825 4.3897
12.7227 7.04519 3.9788
9.7521 7.09949 4.65722
8.83059 13.1991 4.57964
8.25548 12.577 2.87386
12.4168 9.91576 2.59432
9.45874 8.24918 4.74652
10.5458 10.8034 2.45236
11.4911 11.7975 0.931877
9.25871 7.99725 1.08067
12.3375 7.85823 4.72409
8.05193 11.4179 5.75277
11.7041 7.28292 4.02401
8.24656 12.7776 5.6835
7.14945 8.26969 1.18502
13.4998 9.8786 2.5697
12.0855 8.14212 3.34422
12.1445 8.84814 4.21116
12.0077 8.92498 2.47472
8.10175 7.14584 4.35559
7.98153 7.67974 6.24276
12.3261 12.7704 4.19732
12.4065 10.6727 4.1071
10.0685 13.3955 2.74432
8.22462 10.7879 1.77962
13.3046 9.33842 5.64988
11.9505 10.9419 5.04263
10.3729 8.72169 2.50308
8.69936 10.8097 0.809531
13.2241 8.93031 2.10527
10.9255 10.1357 5.2362
11.8255 8.66145 6.36316
10.5058 9.12338 4.96243
7.31732 10.358 5.71713
8.01025 12.8117 1.70628
13.3977 11.2203 3.97822
7.3305 11.3866 4.95309
10.295 12.8613 4.6246
9.5689 12.8351 5.44801
11.4639 8.41142 5.44581
13.051 10.6245 5.21769
13.1227 10.4412 6.20065
7.8565 12.8138 4.61316
8.38425 11.9001 4.8487
9.4539 10.3849 5.01998
6.99301 7.63205 5.90572
9.31511 8.06949 5.76209
11.6937 10.5843 6.03681
12.1751 7.65274 5.80159
11.7918 12.3764 6.43929
12.2663 13.355 6.07918
11.9369 9.90462 3.70959
10.6472 9.53448 6.44743
8.33606 7.71088 5.34245
11.42 9.03251 3.40371
10.391 8.51321 5.80361
13.2847 13.0774 5.92221
12.9646 7.47825 6.63463
10.8454 10.1195 3.42492
9.59042 10.9856 0.042862
10.7287 11.6187 6.68345
10.6133 10.5975 6.5113
11.4739 9.37247 5.67257
11.6002 9.92063 0.225396
7.55427 6.9219 5.25645
11.4234 12.7311 5.52027
7.35988 9.86674 3.41599
8.74277 11.621 3.19038
8.91879 12.7267 0.710051
6.91262 10.378 0.348848
12.8539 8.58636 6.22718
10.3286 12.1288 5.34684
10.6088 12.7386 6.26844
5.61358 2.01864 12.066
3.4073 1.72339 8.12187
5.28007 0.107792 11.7541
1.45285 5.09976 7.7617
4.5679 4.82261 12.5829
5.29423 0.880753 7.50971
3.63248 5.45978 9.50637
5.19326 0.310286 8.58546
0.951866 2.80321 13.0128
2.46829 0.949321 6.86962
2.71306 2.34911 12.2796
2.09274 2.95171 13.4885
2.87547 6.38814 10.5658
3.01509 2.03743 13.3845
2.72484 3.63188 8.32043
5.58966 4.61918 12.6305
0.700154 6.59562 13.0805
2.07899 4.04699 10.8924
0.104433 2.56124 7.96688
1.89221 2.92776 8.1621
1.40263 2.42841 10.0247
4.2916 3.93896 11.0917
5.39999 3.1046 11.9651
0.493965 5.44883 12.4
0.0924888 6.08049 8.04438
0.286537 0.324361 10.9443
4.92698 5.98627 8.23329
1.71147 1.58986 11.037
1.86706 1.89843 13.1846
1.33265 3.79561 11.7051
3.41739 3.18657 11.2774
0.14731 5.21971 7.2578
0.537067 1.61203 6.83983
3.47685 4.20429 11.9063
1.12324 0.174478 9.28029
2.23556 0.340048 9.60732
4.53597 0.0909094 7.7071
5.52758 5.46083 9.71307
3.72193 0.867434 8.92734
0.0506379 2.52016 6.91115
6.40449 6.31 7.06205
0.428136 4.5172 13.2116
1.80123 5.06935 8.86728
2.78078 5.00692 9.02578
3.34366 0.888513 7.35959
1.83636 2.02052 8.61797
4.03761 5.4327 8.49777
3.70639 1.14952 11.7448
2.13405 4.05612 12.6118
1.92148 5.01085 6.816
1.00583 5.44799 13.2773
2.95858 3.30637 12.9081
3.77871 3.25032 8.4574
1.99694 5.57425 10.7598
4.24266 5.78657 7.22472
0.820797 2.7381 11.9237
5.36584 5.10606 8.64712
0.4824 0.590059 7.20377
2.04364 2.96765 9.24957
2.16257 6.45502 8.7183
1.84367 3.06436 12.3973
4.39232 2.78662 11.1484
0.241296 6.23356 9.08348
6.3345 5.27307 8.8917
6.032 5.45547 13.2366
3.58808 6.61439 7.28904
4.50674 1.48953 11.0945
0.510673 6.23602 10.226
5.59701 2.44486 8.169
3.9114 6.57984 8.59687
4.63467 4.92789 9.45885
3.89206 6.13779 10.2374
6.1334 3.33564 8.40849
1.28528 3.78859 13.2597
1.06007 1.04212 10.1922
3.19079 3.16066 7.37301
5.52218 2.93406 12.9927
6.36154 0.481826 11.7273
6.3257 0.443433 7.84878
4.46874 6.18891 11.1505
6.0809 4.42698 6.99336
1.01015 3.3216 9.21769
0.947239 4.28773 10.7911
2.49519 4.86796 7.97592
4.25464 0.938303 12.913
3.09127 5.87105 8.36652
2.73315 2.06053 10.1475
4.89863 1.98996 7.49019
2.93509 5.03611 13.094
0.69599 1.75099 12.5261
0.686322 4.2983 7.5887
4.28779 0.148041 12.0473
3.25435 5.53521 7.34152
4.32981 1.1632 8.03086
4.48517 4.29975 8.58547
5.64074 0.530875 9.78234
5.83487 6.26216 8.7749
1.67617 6.54304 13.3319
1.06951 2.22712 7.76656
2.50134 5.86459 9.51443
5.88974 3.10221 7.24999
4.21118 1.13627 10.1181
6.17218 1.71513 7.46933
3.14035 1.10562 10.0403
6.37225 2.40364 11.3501
1.08637 3.20426 7.4843
0.591779 4.95073 8.56215
1.63185 0.976865 8.5995
5.07841 3.35716 8.35254
4.57051 0.0216798 13.4001
5.62835 1.35249 8.57404
5.44111 4.255 7.88094
6.45606 4.40502 8.08097
0.402393 2.1512 9.89837
2.9846 5.23771 10.4724
2.7197 6.18737 13.3092
1.39849 3.13101 10.926
1.66994 3.66488 9.92996
2.87449 2.64271 8.61509
4.30365 2.8011 9.32709
6.18348 6.3191 9.8024
5.635 5.52991 7.53818
0.112203 0.543204 9.79802
2.32497 0.233892 12.325
2.90416 0.184579 7.95741
2.69772 3.41378 10.4889
0.439415 3.4347 8.32403
6.26186 1.41327 9.6918
4.46666 0.330373 9.55632
0.695879 2.37707 8.77369
0.603717 2.00364 10.9446
6.36345 0.505406 8.89277
2.67472 5.1338 11.4737
3.48685 4.33829 8.13029
0.824991 0.37491 8.20692
4.34673 2.11805 8.50738
0.0438121 4.11553 9.07914
1.47903 1.20087 7.26735
0.92158 6.23158 7.3758
4.28803 3.98142 7.56426
1.87773 1.47399 9.68565
6.18721 1.41241 10.7725
1.94689 0.218493 7.57815
3.21412 4.25734 10.9182
6.24424 3.61296 10.0993
0.48387 5.17907 9.61609
0.896284 5.3577 10.6785
2.61168 2.25142 7.63335
4.58203 5.3667 10.4024
3.68459 2.09576 10.7751
6.67795 3.40581 11.0951
6.62712 5.45698 10.5357
5.02992 4.49307 6.97641
3.17197 3.08296 9.57609
2.62503 4.04223 9.52967
6.02638 4.95217 11.5712
4.0139 4.49467 10.1646
4.87871 3.92358 9.85025
5.69631 4.07625 9.00148
5.05279 6.37203 10.1471
0.615685 1.27004 9.1589
6.03208 2.47407 10.0994
5.45557 6.54098 7.47379
4.69928 1.19329 9.16369
2.70111 1.46158 9.01886
2.20057 5.25565 12.4384
2.34222 0.626131 10.5629
4.64919 5.97903 9.27359
4.05098 1.66368 6.93563
0.588596 4.06777 9.89557
0.626256 1.07548 11.611
6.50754 1.54115 11.9893
3.38005 0.229466 12.8419
2.11106 2.62876 11.408
1.60743 6.56422 10.2584
5.55162 4.81593 10.5214
4.95228 5.14126 11.563
6.25488 4.64309 9.80012
4.02172 2.57531 7.60191
3.72697 0.373063 10.7019
1.7245 1.92371 12.1144
5.67228 5.90031 12.0546
6.58975 6.10915 11.4808
3.87639 5.08252 11.1897
5.92267 0.24519 10.7788
2.9521 0.299492 11.4572
2.03059 6.39911 11.3796
1.45548 5.77698 9.67386
5.61679 3.11576 9.39432
2.65874 1.44918 11.5465
3.74577 4.00335 9.25236
4.69106 4.99751 7.73188
2.45871 1.19725 7.88067
5.5375 1.05823 11.5241
1.25193 4.61787 12.5528
4.90414 0.482925 10.824
1.44656 5.97757 12.4835
0.349446 1.46969 7.98502
6.69977 3.0786 9.3697
5.28549 1.34212 10.1442
5.34454 2.04814 11.0112
5.20769 2.12498 9.27472
1.30175 0.345838 11.1556
1.18153 0.87974 13.0428
5.52611 5.97038 10.9973
5.60651 3.8727 10.9071
3.26849 6.59549 9.54432
1.42462 3.98787 8.57962
6.50464 2.53842 12.4499
5.15054 4.14192 11.8426
3.57286 1.92169 9.30308
1.89936 4.00967 7.60953
6.42405 2.13031 8.90527
4.1255 3.33569 12.0362
5.02555 1.86145 13.1632
3.70582 2.32338 11.7624
0.51732 3.55803 12.5171
1.21025 6.01173 8.50628
6.5977 4.42035 10.7782
0.530503 4.58656 11.7531
3.49502 6.06131 11.4246
2.7689 6.03511 12.248
4.66387 1.61142 12.2458
6.251 3.82447 12.0177
6.32266 3.6412 13.0007
1.0565 6.01377 11.4132
1.58425 5.10007 11.6487
2.6539 3.58492 11.82
0.193008 0.832053 12.7057
2.51511 1.26949 12.5621
4.89367 3.78429 12.8368
5.3751 0.852737 12.6016
4.99182 5.57638 13.2393
5.46628 6.55504 12.8792
5.13688 3.10462 10.5096
3.84725 2.73448 13.2474
1.53606 0.910885 12.1425
4.62002 2.23251 10.2037
3.59103 1.71321 12.6036
6.48468 6.27739 12.7222
6.16456 0.678251 13.4346
4.04542 3.31945 10.2249
2.79042 4.18564 6.84286
3.9287 4.8187 13.4834
3.81329 3.79748 13.3113
4.67395 2.57247 12.4726
4.80016 3.12063 7.0254
0.754272 0.121899 12.0564
4.62344 5.93115 12.3203
0.559878 3.06674 10.216
1.94277 4.82102 9.99038
2.11879 5.92669 7.51005
0.112621 3.57796 7.14885
6.0539 1.78636 13.0272
3.52859 5.32875 12.1468
3.80875 5.93861 13.0684
12.4136 2.01864 12.066
10.2073 1.72339 8.12187
12.0801 0.107792 11.7541
8.25285 5.09976 7.7617
11.3679 4.82261 12.5829
12.0942 0.880753 7.50971
10.4325 5.45978 9.50637
11.9933 0.310286 8.58546
7.75187 2.80321 13.0128
9.26829 0.949321 6.86962
9.51306 2.34911 12.2796
8.89274 2.95171 13.4885
9.67547 6.38814 10.5658
9.81509 2.03743 13.3845
9.52484 3.63188 8.32043
12.3897 4.61918 12.6305
7.50015 6.59562 13.0805
8.87899 4.04699 10.8924
6.90443 2.56124 7.96688
8.69221 2.92776 8.1621
8.20263 2.42841 10.0247
11.0916 3.93896 11.0917
12.2 3.1046 11.9651
7.29397 5.44883 12.4
6.89249 6.08049 8.04438
7.08654 0.324361 10.9443
11.727 5.98627 8.23329
8.51147 1.58986 11.037
8.66706 1.89843 13.1846
8.13265 3.79561 11.7051
10.2174 3.18657 11.2774
6.94731 5.21971 7.2578
7.33707 1.61203 6.83983
10.2768 4.20429 11.9063
7.92324 0.174478 9.28029
9.03556 0.340048 9.60732
11.336 0.0909094 7.7071
12.3276 5.46083 9.71307
10.5219 0.867434 8.92734
6.85064 2.52016 6.91115
13.2045 6.31 7.06205
7.22814 4.5172 13.2116
8.60123 5.06935 8.86728
9.58078 5.00692 9.02578
10.1437 0.888513 7.35959
8.63636 2.02052 8.61797
10.8376 5.4327 8.49777
10.5064 1.14952 11.7448
8.93405 4.05612 12.6118
8.72148 5.01085 6.816
7.80583 5.44799 13.2773
9.75858 3.30637 12.9081
10.5787 3.25032 8.4574
8.79694 5.57425 10.7598
11.0427 5.78657 7.22472
7.6208 2.7381 11.9237
12.1658 5.10606 8.64712
7.2824 0.590059 7.20377
8.84364 2.96765 9.24957
8.96257 6.45502 8.7183
8.64367 3.06436 12.3973
11.1923 2.78662 11.1484
7.0413 6.23356 9.08348
13.1345 5.27307 8.8917
12.832 5.45547 13.2366
10.3881 6.61439 7.28904
11.3067 1.48953 11.0945
7.31067 6.23602 10.226
12.397 2.44486 8.169
10.7114 6.57984 8.59687
11.4347 4.92789 9.45885
10.6921 6.13779 10.2374
12.9334 3.33564 8.40849
8.08528 3.78859 13.2597
7.86007 1.04212 10.1922
9.99079 3.16066 7.37301
12.3222 2.93406 12.9927
13.1615 0.481826 11.7273
13.1257 0.443433 7.84878
11.2687 6.18891 11.1505
12.8809 4.42698 6.99336
7.81015 3.3216 9.21769
7.74724 4.28773 10.7911
9.29519 4.86796 7.97592
11.0546 0.938303 12.913
9.89127 5.87105 8.36652
9.53315 2.06053 10.1475
11.6986 1.98996 7.49019
9.73509 5.03611 13.094
7.49599 1.75099 12.5261
7.48632 4.2983 7.5887
11.0878 0.148041 12.0473
10.0543 5.53521 7.34152
11.1298 1.1632 8.03086
11.2852 4.29975 8.58547
12.4407 0.530875 9.78234
12.6349 6.26216 8.7749
8.47617 6.54304 13.3319
7.86951 2.22712 7.76656
9.30134 5.86459 9.51443
12.6897 3.10221 7.24999
11.0112 1.13627 10.1181
12.9722 1.71513 7.46933
9.94035 1.10562 10.0403
13.1723 2.40364 11.3501
7.88637 3.20426 7.4843
7.39178 4.95073 8.56215
8.43185 0.976865 8.5995
11.8784 3.35716 8.35254
11.3705 0.0216798 13.4001
12.4284 1.35249 8.57404
12.2411 4.255 7.88094
13.2561 4.40502 8.08097
7.20239 2.1512 9.89837
9.7846 5.23771 10.4724
9.5197 6.18737 13.3092
8.19849 3.13101 10.926
8.46994 3.66488 9.92996
9.67449 2.64271 8.61509
11.1037 2.8011 9.32709
12.9835 6.3191 9.8024
12.435 5.52991 7.53818
6.9122 0.543204 9.79802
9.12497 0.233892 12.325
9.70416 0.184579 7.95741
9.49772 3.41378 10.4889
7.23942 3.4347 8.32403
13.0619 1.41327 9.6918
11.2667 0.330373 9.55632
7.49588 2.37707 8.77369
7.40372 2.00364 10.9446
13.1635 0.505406 8.89277
9.47472 5.1338 11.4737
10.2868 4.33829 8.13029
7.62499 0.37491 8.20692
11.1467 2.11805 8.50738
6.84381 4.11553 9.07914
8.27903 1.20087 7.26735
7.72158 6.23158 7.3758
11.088 3.98142 7.56426
8.67773 1.47399 9.68565
12.9872 1.41241 10.7725
8.74689 0.218493 7.57815
10.0141 4.25734 10.9182
13.0442 3.61296 10.0993
7.28387 5.17907 9.61609
7.69628 5.3577 10.6785
9.41168 2.25142 7.63335
11.382 5.3667 10.4024
10.4846 2.09576 10.7751
13.4779 3.40581 11.0951
13.4271 5.45698 10.5357
11.8299 4.49307 6.97641
9.97197 3.08296 9.57609
9.42503 4.04223 9.52967
12.8264 4.95217 11.5712
10.8139 4.49467 10.1646
11.6787 3.92358 9.85025
12.4963 4.07625 9.00148
11.8528 6.37203 10.1471
7.41568 1.27004 9.1589
12.8321 2.47407 10.0994
12.2556 6.54098 7.47379
11.4993 1.19329 9.16369
9.50111 1.46158 9.01886
9.00057 5.25565 12.4384
9.14222 0.626131 10.5629
11.4492 5.97903 9.27359
10.851 1.66368 6.93563
7.3886 4.06777 9.89557
7.42626 1.07548 11.611
13.3075 1.54115 11.9893
10.18 0.229466 12.8419
8.91106 2.62876 11.408
8.40743 6.56422 10.2584
12.3516 4.81593 10.5214
11.7523 5.14126 11.563
13.0549 4.64309 9.80012
10.8217 2.57531 7.60191
10.527 0.373063 10.7019
8.5245 1.92371 12.1144
12.4723 5.90031 12.0546
13.3897 6.10915 11.4808
10.6764 5.08252 11.1897
12.7227 0.24519 10.7788
9.7521 0.299492 11.4572
8.83059 6.39911 11.3796
8.25548 5.77698 9.67386
12.4168 3.11576 9.39432
9.45874 1.44918 11.5465
10.5458 4.00335 9.25236
11.4911 4.99751 7.73188
9.25871 1.19725 7.88067
12.3375 1.05823 11.5241
8.05193 4.61787 12.5528
11.7041 0.482925 10.824
8.24656 5.97757 12.4835
7.14945 1.46969 7.98502
13.4998 3.0786 9.3697
12.0855 1.34212 10.1442
12.1445 2.04814 11.0112
12.0077 2.12498 9.27472
8.10175 0.345838 11.1556
7.98153 0.87974 13.0428
12.3261 5.97038 10.9973
12.4065 3.8727 10.9071
10.0685 6.59549 9.54432
8.22462 3.98787 8.57962
13.3046 2.53842 12.4499
11.9505 4.14192 11.8426
10.3729 1.92169 9.30308
8.69936 4.00967 7.60953
13.2241 2.13031 8.90527
10.9255 3.33569 12.0362
11.8255 1.86145 13.1632
10.5058 2.32338 11.7624
7.31732 3.55803 12.5171
8.01025 6.01173 8.50628
13.3977 4.42035 10.7782
7.3305 4.58656 11.7531
10.295 6.06131 11.4246
9.5689 6.03511 12.248
11.4639 1.61142 12.2458
13.051 3.82447 12.0177
13.1227 3.6412 13.0007
7.8565 6.01377 11.4132
8.38425 5.10007 11.6487
9.4539 3.58492 11.82
6.99301 0.832053 12.7057
9.31511 1.26949 12.5621
11.6937 3.78429 12.8368
12.1751 0.852737 12.6016
11.7918 5.57638 13.2393
12.2663 6.55504 12.8792
11.9369 3.10462 10.5096
10.6472 2.73448 13.2474
8.33606 0.910885 12.1425
11.42 2.23251 10.2037
10.391 1.71321 12.6036
13.2847 6.27739 12.7222
12.9646 0.678251 13.4346
10.8454 3.31945 10.2249
9.59042 4.18564 6.84286
10.7287 4.8187 13.4834
10.6133 3.79748 13.3113
11.4739 2.57247 12.4726
11.6002 3.12063 7.0254
7.55427 0.121899 12.0564
11.4234 5.93115 12.3203
7.35988 3.06674 10.216
8.74277 4.82102 9.99038
8.91879 5.92669 7.51005
6.91262 3.57796 7.14885
12.8539 1.78636 13.0272
10.3286 5.32875 12.1468
10.6088 5.93861 13.0684
5.61358 8.81864 12.066
3.4073 8.52339 8.12187
5.28007 6.90779 11.7541
1.45285 11.8998 7.7617
4.5679 11.6226 12.5829
5.29423 7.68075 7.50971
3.63248 12.2598 9.50637
5.19326 7.11029 8.58546
0.951866 9.60321 13.0128
2.46829 7.74932 6.86962
2.71306 9.14911 12.2796
2.09274 9.75171 13.4885
2.87547 13.1881 10.5658
3.01509 8.83743 13.3845
2.72484 10.4319 8.32043
5.58966 11.4192 12.6305
0.700154 13.3956 13.0805
2.07899 10.847 10.8924
0.104433 9.36124 7.96688
1.89221 9.72776 8.1621
1.40263 9.22841 10.0247
4.2916 10.739 11.0917
5.39999 9.9046 11.9651
0.493965 12.2488 12.4
0.0924888 12.8805 8.04438
0.286537 7.12436 10.9443
4.92698 12.7863 8.23329
1.71147 8.38986 11.037
1.86706 8.69843 13.1846
1.33265 10.5956 11.7051
3.41739 9.98657 11.2774
0.14731 12.0197 7.2578
0.537067 8.41203 6.83983
3.47685 11.0043 11.9063
1.12324 6.97448 9.28029
2.23556 7.14005 9.60732
4.53597 6.89091 7.7071
5.52758 12.2608 9.71307
3.72193 7.66743 8.92734
0.0506379 9.32016 6.91115
6.40449 13.11 7.06205
0.428136 11.3172 13.2116
1.80123 11.8694 8.86728
2.78078 11.8069 9.02578
3.34366 7.68851 7.35959
1.83636 8.82052 8.61797
4.03761 12.2327 8.49777
3.70639 7.94952 11.7448
2.13405 10.8561 12.6118
1.92148 11.8108 6.816
1.00583 12.248 13.2773
2.95858 10.1064 12.9081
3.77871 10.0503 8.4574
1.99694 12.3742 10.7598
4.24266 12.5866 7.22472
0.820797 9.5381 11.9237
5.36584 11.9061 8.64712
0.4824 7.39006 7.20377
2.04364 9.76765 9.24957
2.16257 13.255 8.7183
1.84367 9.86436 12.3973
4.39232 9.58662 11.1484
0.241296 13.0336 9.08348
6.3345 12.0731 8.8917
6.032 12.2555 13.2366
3.58808 13.4144 7.28904
4.50674 8.28953 11.0945
0.510673 13.036 10.226
5.59701 9.24486 8.169
3.9114 13.3798 8.59687
4.63467 11.7279 9.45885
3.89206 12.9378 10.2374
6.1334 10.1356 8.40849
1.28528 10.5886 13.2597
1.06007 7.84212 10.1922
3.19079 9.96066 7.37301
5.52218 9.73406 12.9927
6.36154 7.28183 11.7273
6.3257 7.24343 7.84878
4.46874 12.9889 11.1505
6.0809 11.227 6.99336
1.01015 10.1216 9.21769
0.947239 11.0877 10.7911
2.49519 11.668 7.97592
4.25464 7.7383 12.913
3.09127 12.6711 8.36652
2.73315 8.86053 10.1475
4.89863 8.78996 7.49019
2.93509 11.8361 13.094
0.69599 8.55099 12.5261
0.686322 11.0983 7.5887
4.28779 6.94804 12.0473
3.25435 12.3352 7.34152
4.32981 7.9632 8.03086
4.48517 11.0998 8.58547
5.64074 7.33087 9.78234
5.83487 13.0622 8.7749
1.67617 13.343 13.3319
1.06951 9.02712 7.76656
2.50134 12.6646 9.51443
5.88974 9.90221 7.24999
4.21118 7.93627 10.1181
6.17218 8.51513 7.46933
3.14035 7.90562 10.0403
6.37225 9.20364 11.3501
1.08637 10.0043 7.4843
0.591779 11.7507 8.56215
1.63185 7.77686 8.5995
5.07841 10.1572 8.35254
4.57051 6.82168 13.4001
5.62835 8.15249 8.57404
5.44111 11.055 7.88094
6.45606 11.205 8.08097
0.402393 8.9512 9.89837
2.9846 12.0377 10.4724
2.7197 12.9874 13.3092
1.39849 9.93101 10.926
1.66994 10.4649 9.92996
2.87449 9.44271 8.61509
4.30365 9.6011 9.32709
6.18348 13.1191 9.8024
5.635 12.3299 7.53818
0.112203 7.3432 9.79802
2.32497 7.03389 12.325
2.90416 6.98458 7.95741
2.69772 10.2138 10.4889
0.439415 10.2347 8.32403
6.26186 8.21327 9.6918
4.46666 7.13037 9.55632
0.695879 9.17707 8.77369
0.603717 8.80364 10.9446
6.36345 7.30541 8.89277
2.67472 11.9338 11.4737
3.48685 11.1383 8.13029
0.824991 7.17491 8.20692
4.34673 8.91805 8.50738
0.0438121 10.9155 9.07914
1.47903 8.00087 7.26735
0.92158 13.0316 7.3758
4.28803 10.7814 7.56426
1.87773 8.27399 9.68565
6.18721 8.21241 10.7725
1.94689 7.01849 7.57815
3.21412 11.0573 10.9182
6.24424 10.413 10.0993
0.48387 11.9791 9.61609
0.896284 12.1577 10.6785
2.61168 9.05142 7.63335
4.58203 12.1667 10.4024
3.68459 8.89576 10.7751
6.67795 10.2058 11.0951
6.62712 12.257 10.5357
5.02992 11.2931 6.97641
3.17197 9.88296 9.57609
2.62503 10.8422 9.52967
6.02638 11.7522 11.5712
4.0139 11.2947 10.1646
4.87871 10.7236 9.85025
5.69631 10.8762 9.00148
5.05279 13.172 10.1471
0.615685 8.07004 9.1589
6.03208 9.27407 10.0994
5.45557 13.341 7.47379
4.69928 7.99329 9.16369
2.70111 8.26158 9.01886
2.20057 12.0556 12.4384
2.34222 7.42613 10.5629
4.64919 12.779 9.27359
4.05098 8.46368 6.93563
0.588596 10.8678 9.89557
0.626256 7.87548 11.611
6.50754 8.34115 11.9893
3.38005 7.02947 12.8419
2.11106 9.42876 11.408
1.60743 13.3642 10.2584
5.55162 11.6159 10.5214
4.95228 11.9413 11.563
6.25488 11.4431 9.80012
4.02172 9.37531 7.60191
3.72697 7.17306 10.7019
1.7245 8.72371 12.1144
5.67228 12.7003 12.0546
6.58975 12.9092 11.4808
3.87639 11.8825 11.1897
5.92267 7.04519 10.7788
2.9521 7.09949 11.4572
2.03059 13.1991 11.3796
1.45548 12.577 9.67386
5.61679 9.91576 9.39432
2.65874 8.24918 11.5465
3.74577 10.8034 9.25236
4.69106 11.7975 7.73188
2.45871 7.99725 7.88067
5.5375 7.85823 11.5241
1.25193 11.4179 12.5528
4.90414 7.28292 10.824
1.44656 12.7776 12.4835
0.349446 8.26969 7.98502
6.69977 9.8786 9.3697
5.28549 8.14212 10.1442
5.34454 8.84814 11.0112
5.20769 8.92498 9.27472
1.30175 7.14584 11.1556
1.18153 7.67974 13.0428
5.52611 12.7704 10.9973
5.60651 10.6727 10.9071
3.26849 13.3955 9.54432
1.42462 10.7879 8.57962
6.50464 9.33842 12.4499
5.15054 10.9419 11.8426
3.57286 8.72169 9.30308
1.89936 10.8097 7.60953
6.42405 8.93031 8.90527
4.1255 10.1357 12.0362
5.02555 8.66145 13.1632
3.70582 9.12338 11.7624
0.51732 10.358 12.5171
1.21025 12.8117 8.50628
6.5977 11.2203 10.7782
0.530503 11.3866 11.7531
3.49502 12.8613 11.4246
2.7689 12.8351 12.248
4.66387 8.41142 12.2458
6.251 10.6245 12.0177
6.32266 10.4412 13.0007
1.0565 12.8138 11.4132
1.58425 11.9001 11.6487
2.6539 10.3849 11.82
0.193008 7.63205 12.7057
2.51511 8.06949 12.5621
4.89367 10.5843 12.8368
5.3751 7.65274 12.6016
4.99182 12.3764 13.2393
5.46628 13.355 12.8792
5.13688 9.90462 10.5096
3.84725 9.53448 13.2474
1.53606 7.71088 12.1425
4.62002 9.03251 10.2037
3.59103 8.51321 12.6036
6.48468 13.0774 12.7222
6.16456 7.47825 13.4346
4.04542 10.1195 10.2249
2.79042 10.9856 6.84286
3.9287 11.6187 13.4834
3.81329 10.5975 13.3113
4.67395 9.37247 12.4726
4.80016 9.92063 7.0254
0.754272 6.9219 12.0564
4.62344 12.7311 12.3203
0.559878 9.86674 10.216
1.94277 11.621 9.99038
2.11879 12.7267 7.51005
0.112621 10.378 7.14885
6.0539 8.58636 13.0272
3.52859 12.1288 12.1468
3.80875 12.7386 13.0684
12.4136 8.81864 12.066
10.2073 8.52339 8.12187
12.0801 6.90779 11.7541
8.25285 11.8998 7.7617
11.3679 11.6226 12.5829
12.0942 7.68075 7.50971
10.4325 12.2598 9.50637
11.9933 7.11029 8.58546
7.75187 9.60321 13.0128
9.26829 7.74932 6.86962
9.51306 9.14911 12.2796
8.89274 9.75171 13.4885
9.67547 13.1881 10.5658
9.81509 8.83743 13.3845
9.52484 10.4319 8.32043
12.3897 11.4192 12.6305
7.50015 13.3956 13.0805
8.87899 10.847 10.8924
6.90443 9.36124 7.96688
8.69221 9.72776 8.1621
8.20263 9.22841 10.0247
11.0916 10.739 11.0917
12.2 9.9046 11.9651
7.29397 12.2488 12.4
6.89249 12.8805 8.04438
7.08654 7.12436 10.9443
11.727 12.7863 8.23329
8.51147 8.38986 11.037
8.66706 8.69843 13.1846
8.13265 10.5956 11.7051
10.2174 9.98657 11.2774
6.94731 12.0197 7.2578
7.33707 8.41203 6.83983
10.2768 11.0043 11.9063
7.92324 6.97448 9.28029
9.03556 7.14005 9.60732
11.336 6.89091 7.7071
12.3276 12.2608 9.71307
10.5219 7.66743 8.92734
6.85064 9.32016 6.91115
13.2045 13.11 7.06205
7.22814 11.3172 13.2116
8.60123 11.8694 8.86728
9.58078 11.8069 9.02578
10.1437 7.68851 7.35959
8.63636 8.82052 8.61797
10.8376 12.2327 8.49777
10.5064 7.94952 11.7448
8.93405 10.8561 12.6118
8.72148 11.8108 6.816
7.80583 12.248 13.2773
9.75858 10.1064 12.9081
10.5787 10.0503 8.4574
8.79694 12.3742 10.7598
11.0427 12.5866 7.22472
7.6208 9.5381 11.9237
12.1658 11.9061 8.64712
7.2824 7.39006 7.20377
8.84364 9.76765 9.24957
8.96257 13.255 8.7183
8.64367 9.86436 12.3973
11.1923 9.58662 11.1484
7.0413 13.0336 9.08348
13.1345 12.0731 8.8917
12.832 12.2555 13.2366
10.3881 13.4144 7.28904
11.3067 8.28953 11.0945
7.31067 13.036 10.226
12.397 9.24486 8.169
10.7114 13.3798 8.59687
11.4347 11.7279 9.45885
10.6921 12.9378 10.2374
12.9334 10.1356 8.40849
8.08528 10.5886 13.2597
7.86007 7.84212 10.1922
9.99079 9.96066 7.37301
12.3222 9.73406 12.9927
13.1615 7.28183 11.7273
13.1257 7.24343 7.84878
11.2687 12.9889 11.1505
12.8809 11.227 6.99336
7.81015 10.1216 9.21769
7.74724 11.0877 10.7911
9.29519 11.668 7.97592
11.0546 7.7383 12.913
9.89127 12.6711 8.36652
9.53315 8.86053 10.1475
11.6986 8.78996 7.49019
9.73509 11.8361 13.094
7.49599 8.55099 12.5261
7.48632 11.0983 7.5887
11.0878 6.94804 12.0473
10.0543 12.3352 7.34152
11.1298 7.9632 8.03086
11.2852 11.0998 8.58547
12.4407 7.33087 9.78234
12.6349 13.0622 8.7749
8.47617 13.343 13.3319
7.86951 9.02712 7.76656
9.30134 12.6646 9.51443
12.6897 9.90221 7.24999
11.0112 7.93627 10.1181
12.9722 8.51513 7.46933
9.94035 7.90562 10.0403
13.1723 9.20364 11.3501
7.88637 10.0043 7.4843
7.39178 11.7507 8.56215
8.43185 7.77686 8.5995
11.8784 10.1572 8.35254
11.3705 6.82168 13.4001
12.4284 8.15249 8.57404
12.2411 11.055 7.88094
13.2561 11.205 8.08097
7.20239 8.9512 9.89837
9.7846 12.0377 10.4724
9.5197 12.9874 13.3092
8.19849 9.93101 10.926
8.46994 10.4649 9.92996
9.67449 9.44271 8.61509
11.1037 9.6011 9.32709
12.9835 13.1191 9.8024
12.435 12.3299 7.53818
6.9122 7.3432 9.79802
9.12497 7.03389 12.325
9.70416 6.98458 7.95741
9.49772 10.2138 10.4889
7.23942 10.2347 8.32403
13.0619 8.21327 9.6918
11.2667 7.13037 9.55632
7.49588 9.17707 8.77369
7.40372 8.80364 10.9446
13.1635 7.30541 8.89277
9.47472 11.9338 11.4737
10.2868 11.1383 8.13029
7.62499 7.17491 8.20692
11.1467 8.91805 8.50738
6.84381 10.9155 9.07914
8.27903 8.00087 7.26735
7.72158 13.0316 7.3758
11.088 10.7814 7.56426
8.67773 8.27399 9.68565
12.9872 8.21241 10.7725
8.74689 7.01849 7.57815
10.0141 11.0573 10.9182
13.0442 10.413 10.0993
7.28387 11.9791 9.61609
7.69628 12.1577 10.6785
9.41168 9.05142 7.63335
11.382 12.1667 10.4024
10.4846 8.89576 10.7751
13.4779 10.2058 11.0951
13.4271 12.257 10.5357
11.8299 11.2931 6.97641
9.97197 9.88296 9.57609
9.42503 10.8422 9.52967
12.8264 11.7522 11.5712
10.8139 11.2947 10.1646
11.6787 10.7236 9.85025
12.4963 10.8762 9.00148
11.8528 13.172 10.1471
7.41568 8.07004 9.1589
12.8321 9.27407 10.0994
12.2556 13.341 7.47379
11.4993 7.99329 9.16369
9.50111 8.26158 9.01886
9.00057 12.0556 12.4384
9.14222 7.42613 10.5629
11.4492 12.779 9.27359
10.851 8.46368 6.93563
7.3886 10.8678 9.89557
7.42626 7.87548 11.611
13.3075 8.34115 11.9893
10.18 7.02947 12.8419
8.91106 9.42876 11.408
8.40743 13.3642 10.2584
12.3516 11.6159 10.5214
11.7523 11.9413 11.563
13.0549 11.4431 9.80012
10.8217 9.37531 7.60191
10.527 7.17306 10.7019
8.5245 8.72371 12.1144
12.4723 12.7003 12.0546
13.3897 12.9092 11.4808
10.6764 11.8825 11.1897
12.7227 7.04519 10.7788
9.7521 7.09949 11.4572
8.83059 13.1991 11.3796
8.25548 12.577 9.67386
12.4168 9.91576 9.39432
9.45874 8.24918 11.5465
10.5458 10.8034 9.25236
11.4911 11.7975 7.73188
9.25871 7.99725 7.88067
12.3375 7.85823 11.5241
8.05193 11.4179 12.5528
11.7041 7.28292 10.824
8.24656 12.7776 12.4835
7.14945 8.26969 7.98502
13.4998 9.8786 9.3697
12.0855 8.14212 10.1442
12.1445 8.84814 11.0112
12.0077 8.92498 9.27472
8.10175 7.14584 11.1556
7.98153 7.67974 13.0428
12.3261 12.7704 10.9973
12.4065 10.6727 10.9071
10.0685 13.3955 9.54432
8.22462 10.7879 8.57962
13.3046 9.33842 12.4499
11.9505 10.9419 11.8426
10.3729 8.72169 9.30308
8.69936 10.8097 7.60953
13.2241 8.93031 8.90527
10.9255 10.1357 12.0362
11.8255 8.66145 13.1632
10.5058 9.12338 11.7624
7.31732 10.358 12.5171
8.01025 12.8117 8.50628
13.3977 11.2203 10.7782
7.3305 11.3866 11.7531
10.295 12.8613 11.4246
9.5689 12.8351 12.248
11.4639 8.41142 12.2458
13.051 10.6245 12.0177
13.1227 10.4412 13.0007
7.8565 12.8138 11.4132
8.38425 11.9001 11.6487
9.4539 10.3849 11.82
6.99301 7.63205 12.7057
9.31511 8.06949 12.5621
11.6937 10.5843 12.8368
12.1751 7.65274 12.6016
11.7918 12.3764 13.2393
12.2663 13.355 12.8792
11.9369 9.90462 10.5096
10.6472 9.53448 13.2474
8.33606 7.71088 12.1425
11.42 9.03251 10.2037
10.391 8.51321 12.6036
13.2847 13.0774 12.7222
12.9646 7.47825 13.4346
10.8454 10.1195 10.2249
9.59042 10.9856 6.84286
10.7287 11.6187 13.4834
10.6133 10.5975 13.3113
11.4739 9.37247 12.4726
11.6002 9.92063 7.0254
7.55427 6.9219 12.0564
11.4234 12.7311 12.3203
7.35988 9.86674 10.216
8.74277 11.621 9.99038
8.91879 12.7267 7.51005
6.91262 10.378 7.14885
12.8539 8.58636 13.0272
10.3286 12.1288 12.1468
10.6088 12.7386 13.0684
