5.61358 2.01864 5.26596
3.4073 1.72339 1.32187
5.28007 0.107792 4.95407
1.45285 5.09976 0.961697
4.5679 4.82261 5.78293
5.29423 0.880753 0.709709
3.63248 5.45978 2.70637
5.19326 0.310286 1.78546
0.951866 2.80321 6.21283
2.46829 0.949321 0.069622
2.71306 2.34911 5.47963
2.09274 2.95171 6.6885
2.87547 6.38814 3.7658
3.01509 2.03743 6.58454
2.72484 3.63188 1.52043
5.58966 4.61918 5.83049
0.700154 6.59562 6.28049
2.07899 4.04699 4.09244
0.104433 2.56124 1.16688
1.89221 2.92776 1.3621
1.40263 2.42841 3.22471
4.2916 3.93896 4.29166
5.39999 3.1046 5.16515
0.493965 5.44883 5.60004
0.0924888 6.08049 1.24438
0.286537 0.324361 4.14426
4.92698 5.98627 1.43329
1.71147 1.58986 4.23697
1.86706 1.89843 6.38463
1.33265 3.79561 4.90511
3.41739 3.18657 4.47741
0.14731 5.21971 0.457805
0.537067 1.61203 0.0398329
3.47685 4.20429 5.10633
1.12324 0.174478 2.48029
2.23556 0.340048 2.80732
4.53597 0.0909094 0.907102
5.52758 5.46083 2.91307
3.72193 0.867434 2.12734
0.0506379 2.52016 0.111155
6.40449 6.31 0.262053
0.428136 4.5172 6.41163
1.80123 5.06935 2.06728
2.78078 5.00692 2.22578
3.34366 0.888513 0.559586
1.83636 2.02052 1.81797
4.03761 5.4327 1.69777
3.70639 1.14952 4.94478
2.13405 4.05612 5.81178
1.92148 5.01085 0.0160004
1.00583 5.44799 6.4773
2.95858 3.30637 6.10814
3.77871 3.25032 1.6574
1.99694 5.57425 3.95983
4.24266 5.78657 0.424725
0.820797 2.7381 5.12374
5.36584 5.10606 1.84712
0.4824 0.590059 0.403767
2.04364 2.96765 2.44957
2.16257 6.45502 1.9183
1.84367 3.06436 5.59732
4.39232 2.78662 4.34837
0.241296 6.23356 2.28348
6.3345 5.27307 2.0917
6.032 5.45547 6.43662
3.58808 6.61439 0.489043
4.50674 1.48953 4.29453
0.510673 6.23602 3.42597
5.59701 2.44486 1.369
3.9114 6.57984 1.79687
4.63467 4.92789 2.65885
3.89206 6.13779 3.43739
6.1334 3.33564 1.60849
1.28528 3.78859 6.45966
1.06007 1.04212 3.39221
3.19079 3.16066 0.573006
5.52218 2.93406 6.19267
6.36154 0.481826 4.9273
6.3257 0.443433 1.04878
4.46874 6.18891 4.3505
6.0809 4.42698 0.193358
1.01015 3.3216 2.41769
0.947239 4.28773 3.99111
2.49519 4.86796 1.17592
4.25464 0.938303 6.11304
3.09127 5.87105 1.56652
2.73315 2.06053 3.34751
4.89863 1.98996 0.69019
2.93509 5.03611 6.29397
0.69599 1.75099 5.72615
0.686322 4.2983 0.788696
4.28779 0.148041 5.24735
3.25435 5.53521 0.541516
4.32981 1.1632 1.23086
4.48517 4.29975 1.78547
5.64074 0.530875 2.98234
5.83487 6.26216 1.9749
1.67617 6.54304 6.5319
1.06951 2.22712 0.966559
2.50134 5.86459 2.71443
5.88974 3.10221 0.449988
4.21118 1.13627 3.31805
6.17218 1.71513 0.669329
3.14035 1.10562 3.2403
6.37225 2.40364 4.55011
1.08637 3.20426 0.684298
0.591779 4.95073 1.76215
1.63185 0.976865 1.7995
5.07841 3.35716 1.55254
4.57051 0.0216798 6.6001
5.62835 1.35249 1.77404
5.44111 4.255 1.08094
6.45606 4.40502 1.28097
0.402393 2.1512 3.09837
2.9846 5.23771 3.67238
2.7197 6.18737 6.50916
1.39849 3.13101 4.12602
1.66994 3.66488 3.12996
2.87449 2.64271 1.81509
4.30365 2.8011 2.52709
6.18348 6.3191 3.0024
5.635 5.52991 0.738179
0.112203 0.543204 2.99802
2.32497 0.233892 5.525
2.90416 0.184579 1.15741
2.69772 3.41378 3.68888
0.439415 3.4347 1.52403
6.26186 1.41327 2.8918
4.46666 0.330373 2.75632
0.695879 2.37707 1.97369
0.603717 2.00364 4.14457
6.36345 0.505406 2.09277
2.67472 5.1338 4.67366
3.48685 4.33829 1.33029
0.824991 0.37491 1.40692
4.34673 2.11805 1.70738
0.0438121 4.11553 2.27914
1.47903 1.20087 0.467351
0.92158 6.23158 0.575804
4.28803 3.98142 0.764259
1.87773 1.47399 2.88565
6.18721 1.41241 3.97249
1.94689 0.218493 0.778154
3.21412 4.25734 4.11822
6.24424 3.61296 3.29929
0.48387 5.17907 2.81609
0.896284 5.3577 3.87848
2.61168 2.25142 0.833351
4.58203 5.3667 3.60241
3.68459 2.09576 3.97513
6.67795 3.40581 4.29506
6.62712 5.45698 3.7357
5.02992 4.49307 0.176409
3.17197 3.08296 2.77609
2.62503 4.04223 2.72967
6.02638 4.95217 4.77119
4.0139 4.49467 3.36456
4.87871 3.92358 3.05025
5.69631 4.07625 2.20148
5.05279 6.37203 3.3471
0.615685 1.27004 2.3589
6.03208 2.47407 3.29944
5.45557 6.54098 0.67379
4.69928 1.19329 2.36369
2.70111 1.46158 2.21886
2.20057 5.25565 5.63843
2.34222 0.626131 3.76289
4.64919 5.97903 2.47359
4.05098 1.66368 0.135631
0.588596 4.06777 3.09557
0.626256 1.07548 4.81099
6.50754 1.54115 5.18929
3.38005 0.229466 6.0419
2.11106 2.62876 4.60799
1.60743 6.56422 3.45841
5.55162 4.81593 3.72141
4.95228 5.14126 4.76295
6.25488 4.64309 3.00012
4.02172 2.57531 0.801908
3.72697 0.373063 3.90194
1.7245 1.92371 5.31436
5.67228 5.90031 5.25458
6.58975 6.10915 4.68076
3.87639 5.08252 4.3897
5.92267 0.24519 3.9788
2.9521 0.299492 4.65722
2.03059 6.39911 4.57964
1.45548 5.77698 2.87386
5.61679 3.11576 2.59432
2.65874 1.44918 4.74652
3.74577 4.00335 2.45236
4.69106 4.99751 0.931877
2.45871 1.19725 1.08067
5.5375 1.05823 4.72409
1.25193 4.61787 5.75277
4.90414 0.482925 4.02401
1.44656 5.97757 5.6835
0.349446 1.46969 1.18502
6.69977 3.0786 2.5697
5.28549 1.34212 3.34422
5.34454 2.04814 4.21116
5.20769 2.12498 2.47472
1.30175 0.345838 4.35559
1.18153 0.87974 6.24276
5.52611 5.97038 4.19732
5.60651 3.8727 4.1071
3.26849 6.59549 2.74432
1.42462 3.98787 1.77962
6.50464 2.53842 5.64988
5.15054 4.14192 5.04263
3.57286 1.92169 2.50308
1.89936 4.00967 0.809531
6.42405 2.13031 2.10527
4.1255 3.33569 5.2362
5.02555 1.86145 6.36316
3.70582 2.32338 4.96243
0.51732 3.55803 5.71713
1.21025 6.01173 1.70628
6.5977 4.42035 3.97822
0.530503 4.58656 4.95309
3.49502 6.06131 4.6246
2.7689 6.03511 5.44801
4.66387 1.61142 5.44581
6.251 3.82447 5.21769
6.32266 3.6412 6.20065
1.0565 6.01377 4.61316
1.58425 5.10007 4.8487
2.6539 3.58492 5.01998
0.193008 0.832053 5.90572
2.51511 1.26949 5.76209
4.89367 3.78429 6.03681
5.3751 0.852737 5.80159
4.99182 5.57638 6.43929
5.46628 6.55504 6.07918
5.13688 3.10462 3.70959
3.84725 2.73448 6.44743
1.53606 0.910885 5.34245
4.62002 2.23251 3.40371
3.59103 1.71321 5.80361
6.48468 6.27739 5.92221
6.16456 0.678251 6.63463
4.04542 3.31945 3.42492
2.79042 4.18564 0.042862
3.9287 4.8187 6.68345
3.81329 3.79748 6.5113
4.67395 2.57247 5.67257
4.80016 3.12063 0.225396
0.754272 0.121899 5.25645
4.62344 5.93115 5.52027
0.559878 3.06674 3.41599
1.94277 4.82102 3.19038
2.11879 5.92669 0.710051
0.112621 3.57796 0.348848
6.0539 1.78636 6.22718
3.52859 5.32875 5.34684
3.80875 5.93861 6.26844
5.61358 8.81864 5.26596
3.4073 8.52339 1.32187
5.28007 6.90779 4.95407
1.45285 11.8998 0.961697
4.5679 11.6226 5.78293
5.29423 7.68075 0.709709
3.63248 12.2598 2.70637
5.19326 7.11029 1.78546
0.951866 9.60321 6.21283
2.46829 7.74932 0.069622
2.71306 9.14911 5.47963
2.09274 9.75171 6.6885
2.87547 13.1881 3.7658
3.01509 8.83743 6.58454
2.72484 10.4319 1.52043
5.58966 11.4192 5.83049
0.700154 13.3956 6.28049
2.07899 10.847 4.09244
0.104433 9.36124 1.16688
1.89221 9.72776 1.3621
1.40263 9.22841 3.22471
4.2916 10.739 4.29166
5.39999 9.9046 5.16515
0.493965 12.2488 5.60004
0.0924888 12.8805 1.24438
0.286537 7.12436 4.14426
4.92698 12.7863 1.43329
1.71147 8.38986 4.23697
1.86706 8.69843 6.38463
1.33265 10.5956 4.90511
3.41739 9.98657 4.47741
0.14731 12.0197 0.457805
0.537067 8.41203 0.0398329
3.47685 11.0043 5.10633
1.12324 6.97448 2.48029
2.23556 7.14005 2.80732
4.53597 6.89091 0.907102
5.52758 12.2608 2.91307
3.72193 7.66743 2.12734
0.0506379 9.32016 0.111155
6.40449 13.11 0.262053
0.428136 11.3172 6.41163
1.80123 11.8694 2.06728
2.78078 11.8069 2.22578
3.34366 7.68851 0.559586
1.83636 8.82052 1.81797
4.03761 12.2327 1.69777
3.70639 7.94952 4.94478
2.13405 10.8561 5.81178
1.92148 11.8108 0.0160004
1.00583 12.248 6.4773
2.95858 10.1064 6.10814
3.77871 10.0503 1.6574
1.99694 12.3742 3.95983
4.24266 12.5866 0.424725
0.820797 9.5381 5.12374
5.36584 11.9061 1.84712
0.4824 7.39006 0.403767
2.04364 9.76765 2.44957
2.16257 13.255 1.9183
1.84367 9.86436 5.59732
4.39232 9.58662 4.34837
0.241296 13.0336 2.28348
6.3345 12.0731 2.0917
6.032 12.2555 6.43662
3.58808 13.4144 0.489043
4.50674 8.28953 4.29453
0.510673 13.036 3.42597
5.59701 9.24486 1.369
3.9114 13.3798 1.79687
4.63467 11.7279 2.65885
3.89206 12.9378 3.43739
6.1334 10.1356 1.60849
1.28528 10.5886 6.45966
1.06007 7.84212 3.39221
3.19079 9.96066 0.573006
5.52218 9.73406 6.19267
6.36154 7.28183 4.9273
6.3257 7.24343 1.04878
4.46874 12.9889 4.3505
6.0809 11.227 0.193358
1.01015 10.1216 2.41769
0.947239 11.0877 3.99111
2.49519 11.668 1.17592
4.25464 7.7383 6.11304
3.09127 12.6711 1.56652
2.73315 8.86053 3.34751
4.89863 8.78996 0.69019
2.93509 11.8361 6.29397
0.69599 8.55099 5.72615
0.686322 11.0983 0.788696
4.28779 6.94804 5.24735
3.25435 12.3352 0.541516
4.32981 7.9632 1.23086
4.48517 11.0998 1.78547
5.64074 7.33087 2.98234
5.83487 13.0622 1.9749
1.67617 13.343 6.5319
1.06951 9.02712 0.966559
2.50134 12.6646 2.71443
5.88974 9.90221 0.449988
4.21118 7.93627 3.31805
6.17218 8.51513 0.669329
3.14035 7.90562 3.2403
6.37225 9.20364 4.55011
1.08637 10.0043 0.684298
0.591779 11.7507 1.76215
1.63185 7.77686 1.7995
5.07841 10.1572 1.55254
4.57051 6.82168 6.6001
5.62835 8.15249 1.77404
5.44111 11.055 1.08094
6.45606 11.205 1.28097
0.402393 8.9512 3.09837
2.9846 12.0377 3.67238
2.7197 12.9874 6.50916
1.39849 9.93101 4.12602
1.66994 10.4649 3.12996
2.87449 9.44271 1.81509
4.30365 9.6011 2.52709
6.18348 13.1191 3.0024
5.635 12.3299 0.738179
0.112203 7.3432 2.99802
2.32497 7.03389 5.525
2.90416 6.98458 1.15741
2.69772 10.2138 3.68888
0.439415 10.2347 1.52403
6.26186 8.21327 2.8918
4.46666 7.13037 2.75632
0.695879 9.17707 1.97369
0.603717 8.80364 4.14457
6.36345 7.30541 2.09277
2.67472 11.9338 4.67366
3.48685 11.1383 1.33029
0.824991 7.17491 1.40692
4.34673 8.91805 1.70738
0.0438121 10.9155 2.27914
1.47903 8.00087 0.467351
0.92158 13.0316 0.575804
4.28803 10.7814 0.764259
1.87773 8.27399 2.88565
6.18721 8.21241 3.97249
1.94689 7.01849 0.778154
3.21412 11.0573 4.11822
6.24424 10.413 3.29929
0.48387 11.9791 2.81609
0.896284 12.1577 3.87848
2.61168 9.05142 0.833351
4.58203 12.1667 3.60241
3.68459 8.89576 3.97513
6.67795 10.2058 4.29506
6.62712 12.257 3.7357
5.02992 11.2931 0.176409
3.17197 9.88296 2.77609
2.62503 10.8422 2.72967
6.02638 11.7522 4.77119
4.0139 11.2947 3.36456
4.87871 10.7236 3.05025
5.69631 10.8762 2.20148
5.05279 13.172 3.3471
0.615685 8.07004 2.3589
6.03208 9.27407 3.29944
5.45557 13.341 0.67379
4.69928 7.99329 2.36369
2.70111 8.26158 2.21886
2.20057 12.0556 5.63843
2.34222 7.42613 3.76289
4.64919 12.779 2.47359
4.05098 8.46368 0.135631
0.588596 10.8678 3.09557
0.626256 7.87548 4.81099
6.50754 8.34115 5.18929
3.38005 7.02947 6.0419
2.11106 9.42876 4.60799
1.60743 13.3642 3.45841
5.55162 11.6159 3.72141
4.95228 11.9413 4.76295
6.25488 11.4431 3.00012
4.02172 9.37531 0.801908
3.72697 7.17306 3.90194
1.7245 8.72371 5.31436
5.67228 12.7003 5.25458
6.58975 12.9092 4.68076
3.87639 11.8825 4.3897
5.92267 7.04519 3.9788
2.9521 7.09949 4.65722
2.03059 13.1991 4.57964
1.45548 12.577 2.87386
5.61679 9.91576 2.59432
2.65874 8.24918 4.74652
3.74577 10.8034 2.45236
4.69106 11.7975 0.931877
2.45871 7.99725 1.08067
5.5375 7.85823 4.72409
1.25193 11.4179 5.75277
4.90414 7.28292 4.02401
1.44656 12.7776 5.6835
0.349446 8.26969 1.18502
6.69977 9.8786 2.5697
5.28549 8.14212 3.34422
5.34454 8.84814 4.21116
5.20769 8.92498 2.47472
1.30175 7.14584 4.35559
1.18153 7.67974 6.24276
5.52611 12.7704 4.19732
5.60651 10.6727 4.1071
3.26849 13.3955 2.74432
1.42462 10.7879 1.77962
6.50464 9.33842 5.64988
5.15054 10.9419 5.04263
3.57286 8.72169 2.50308
1.89936 10.8097 0.809531
6.42405 8.93031 2.10527
4.1255 10.1357 5.2362
5.02555 8.66145 6.36316
3.70582 9.12338 4.96243
0.51732 10.358 5.71713
1.21025 12.8117 1.70628
6.5977 11.2203 3.97822
0.530503 11.3866 4.95309
3.49502 12.8613 4.6246
2.7689 12.8351 5.44801
4.66387 8.41142 5.44581
6.251 10.6245 5.21769
6.32266 10.4412 6.20065
1.0565 12.8138 4.61316
1.58425 11.9001 4.8487
2.6539 10.3849 5.01998
0.193008 7.63205 5.90572
2.51511 8.06949 5.76209
4.89367 10.5843 6.03681
5.3751 7.65274 5.80159
4.99182 12.3764 6.43929
5.46628 13.355 6.07918
5.13688 9.90462 3.70959
3.84725 9.53448 6.44743
1.53606 7.71088 5.34245
4.62002 9.03251 3.40371
3.59103 8.51321 5.80361
6.48468 13.0774 5.92221
6.16456 7.47825 6.63463
4.04542 10.1195 3.42492
2.79042 10.9856 0.042862
3.9287 11.6187 6.68345
3.81329 10.5975 6.5113
4.67395 9.37247 5.67257
4.80016 9.92063 0.225396
0.754272 6.9219 5.25645
4.62344 12.7311 5.52027
0.559878 9.86674 3.41599
1.94277 11.621 3.19038
2.11879 12.7267 0.710051
0.112621 10.378 0.348848
6.0539 8.58636 6.22718
3.52859 12.1288 5.34684
3.80875 12.7386 6.26844
